    1    2083.33     600.78  499399.22
    2    2080.83    1603.28  497795.94
    3    2074.15    1609.96  496185.98
    4    2067.44    1616.67  494569.31
    5    2060.71    1623.40  492945.91
    6    2053.94    1630.17  491315.74
    7    2047.15    1636.96  489678.78
    8    2040.33    1643.78  488035.00
    9    2033.48    1650.63  486384.37
   10    2026.60    1657.51  484726.86
   11    2019.70    1664.41  483062.44
   12    2012.76    1671.35  481391.09
   13    2005.80    1678.31  479712.78
   14    1998.80    1685.31  478027.47
   15    1991.78    1692.33  476335.15
   16    1984.73    1699.38  474635.77
   17    1977.65    1706.46  472929.30
   18    1970.54    1713.57  471215.73
   19    1963.40    1720.71  469495.02
   20    1956.23    1727.88  467767.14
   21    1949.03    1735.08  466032.06
   22    1941.80    1742.31  464289.75
   23    1934.54    1749.57  462540.18
   24    1927.25    1756.86  460783.32
   25    1919.93    1764.18  459019.14
   26    1912.58    1771.53  457247.61
   27    1905.20    1778.91  455468.70
   28    1897.79    1786.32  453682.38
   29    1890.34    1793.77  451888.61
   30    1882.87    1801.24  450087.37
   31    1875.36    1808.75  448278.62
   32    1867.83    1816.28  446462.34
   33    1860.26    1823.85  444638.49
   34    1852.66    1831.45  442807.04
   35    1845.03    1839.08  440967.96
   36    1837.37    1846.74  439121.22
   37    1829.67    1854.44  437266.78
   38    1821.94    1862.17  435404.61
   39    1814.19    1869.92  433534.69
   40    1806.39    1877.72  431656.97
   41    1798.57    1885.54  429771.44
   42    1790.71    1893.40  427878.04
   43    1782.83    1901.28  425976.75
   44    1774.90    1909.21  424067.55
   45    1766.95    1917.16  422150.39
   46    1758.96    1925.15  420225.24
   47    1750.94    1933.17  418292.06
   48    1742.88    1941.23  416350.84
   49    1734.80    1949.31  414401.52
   50    1726.67    1957.44  412444.09
   51    1718.52    1965.59  410478.49
   52    1710.33    1973.78  408504.71
   53    1702.10    1982.01  406522.70
   54    1693.84    1990.27  404532.44
   55    1685.55    1998.56  402533.88
   56    1677.22    2006.89  400526.99
   57    1668.86    2015.25  398511.75
   58    1660.47    2023.64  396488.10
   59    1652.03    2032.08  394456.03
   60    1643.57    2040.54  392415.48
   61    1635.06    1049.05  391366.44
   62    1630.69    1053.42  390313.02
   63    1626.30    1057.81  389255.22
   64    1621.90    1062.21  388193.00
   65    1617.47    1066.64  387126.36
   66    1613.03    1071.08  386055.28
   67    1608.56    1075.55  384979.73
   68    1604.08    1080.03  383899.71
   69    1599.58    1084.53  382815.18
   70    1595.06    1089.05  381726.13
   71    1590.53    1093.58  380632.55
   72    1585.97    1098.14  379534.40
   73    1581.39    1102.72  378431.69
   74    1576.80    1107.31  377324.38
   75    1572.18    1111.93  376212.45
   76    1567.55    1116.56  375095.89
   77    1562.90    1121.21  373974.68
   78    1558.23    1125.88  372848.80
   79    1553.54    1130.57  371718.23
   80    1548.83    1135.28  370582.94
   81    1544.10    1140.01  369442.93
   82    1539.35    1144.76  368298.16
   83    1534.58    1149.53  367148.63
   84    1529.79    1154.32  365994.31
   85    1524.98    1159.13  364835.17
   86    1520.15    1163.96  363671.21
   87    1515.30    1168.81  362502.40
   88    1510.43    1173.68  361328.71
   89    1505.54    1178.57  360150.14
   90    1500.63    1183.48  358966.65
   91    1495.69    1188.42  357778.24
   92    1490.74    1193.37  356584.87
   93    1485.77    1198.34  355386.53
   94    1480.78    1203.33  354183.20
   95    1475.76    1208.35  352974.85
   96    1470.73    1213.38  351761.47
   97    1465.67    1218.44  350543.03
   98    1460.60    1223.51  349319.52
   99    1455.50    1228.61  348090.91
  100    1450.38    1233.73  346857.18
  101    1445.24    1238.87  345618.30
  102    1440.08    1244.03  344374.27
  103    1434.89    1249.22  343125.05
  104    1429.69    1254.42  341870.63
  105    1424.46    1259.65  340610.98
  106    1419.21    1264.90  339346.09
  107    1413.94    1270.17  338075.92
  108    1408.65    1275.46  336800.46
  109    1403.34    1280.77  335519.68
  110    1398.00    1286.11  334233.57
  111    1392.64    1291.47  332942.10
  112    1387.26    1296.85  331645.25
  113    1381.86    1302.25  330342.99
  114    1376.43    1307.68  329035.31
  115    1370.98    1313.13  327722.18
  116    1365.51    1318.60  326403.58
  117    1360.01    1324.10  325079.49
  118    1354.50    1329.61  323749.88
  119    1348.96    1335.15  322414.72
  120    1343.39    1340.72  321074.01
  121    1337.81    1346.30  319727.71
  122    1332.20    1351.91  318375.80
  123    1326.57    1357.54  317018.25
  124    1320.91    1363.20  315655.05
  125    1315.23    1368.88  314286.17
  126    1309.53    1374.58  312911.59
  127    1303.80    1380.31  311531.27
  128    1298.05    1386.06  310145.21
  129    1292.27    1391.84  308753.37
  130    1286.47    1397.64  307355.74
  131    1280.65    1403.46  305952.27
  132    1274.80    1409.31  304542.97
  133    1268.93    1415.18  303127.78
  134    1263.03    1421.08  301706.71
  135    1257.11    1427.00  300279.71
  136    1251.17    1432.94  298846.76
  137    1245.19    1438.92  297407.85
  138    1239.20    1444.91  295962.94
  139    1233.18    1450.93  294512.01
  140    1227.13    1456.98  293055.03
  141    1221.06    1463.05  291591.98
  142    1214.97    1469.14  290122.84
  143    1208.85    1475.26  288647.57
  144    1202.70    1481.41  287166.16
  145    1196.53    1487.58  285678.58
  146    1190.33    1493.78  284184.80
  147    1184.10    1500.01  282684.79
  148    1177.85    1506.26  281178.53
  149    1171.58    1512.53  279666.00
  150    1165.27    1518.84  278147.16
  151    1158.95    1525.16  276622.00
  152    1152.59    1531.52  275090.48
  153    1146.21    1537.90  273552.58
  154    1139.80    1544.31  272008.28
  155    1133.37    1550.74  270457.53
  156    1126.91    1557.20  268900.33
  157    1120.42    1563.69  267336.64
  158    1113.90    1570.21  265766.43
  159    1107.36    1576.75  264189.68
  160    1100.79    1583.32  262606.36
  161    1094.19    1589.92  261016.44
  162    1087.57    1596.54  259419.90
  163    1080.92    1603.19  257816.71
  164    1074.24    1609.87  256206.84
  165    1067.53    1616.58  254590.25
  166    1060.79    1623.32  252966.94
  167    1054.03    1630.08  251336.86
  168    1047.24    1636.87  249699.98
  169    1040.42    1643.69  248056.29
  170    1033.57    1650.54  246405.75
  171    1026.69    1657.42  244748.33
  172    1019.78    1664.33  243084.00
  173    1012.85    1671.26  241412.74
  174    1005.89    1678.22  239734.52
  175     998.89    1685.22  238049.30
  176     991.87    1692.24  236357.06
  177     984.82    1699.29  234657.78
  178     977.74    1706.37  232951.41
  179     970.63    1713.48  231237.93
  180     963.49    1720.62  229517.31
  181     956.32    1727.79  227789.52
  182     949.12    1734.99  226054.53
  183     941.89    1742.22  224312.32
  184     934.63    1749.48  222562.84
  185     927.35    1756.76  220806.08
  186     920.03    1764.08  219041.99
  187     912.67    1771.44  217270.56
  188     905.29    1778.82  215491.74
  189     897.88    1786.23  213705.51
  190     890.44    1793.67  211911.84
  191     882.97    1801.14  210110.70
  192     875.46    1808.65  208302.05
  193     867.93    1816.18  206485.87
  194     860.36    1823.75  204662.11
  195     852.76    1831.35  202830.76
  196     845.13    1838.98  200991.78
  197     837.47    1846.64  199145.14
  198     829.77    1854.34  197290.80
  199     822.04    1862.07  195428.73
  200     814.29    1869.82  193558.91
  201     806.50    1877.61  191681.29
  202     798.67    1885.44  189795.86
  203     790.82    1893.29  187902.56
  204     782.93    1901.18  186001.38
  205     775.01    1909.10  184092.28
  206     767.05    1917.06  182175.22
  207     759.06    1925.05  180250.17
  208     751.04    1933.07  178317.10
  209     742.99    1941.12  176375.98
  210     734.90    1949.21  174426.77
  211     726.78    1957.33  172469.44
  212     718.62    1965.49  170503.95
  213     710.43    1973.68  168530.27
  214     702.21    1981.90  166548.37
  215     693.95    1990.16  164558.22
  216     685.66    1998.45  162559.76
  217     677.33    2006.78  160552.99
  218     668.97    2015.14  158537.85
  219     660.57    2023.54  156514.31
  220     652.14    2031.97  154482.35
  221     643.68    2040.43  152441.91
  222     635.17    2048.94  150392.98
  223     626.64    2057.47  148335.50
  224     618.06    2066.05  146269.46
  225     609.46    2074.65  144194.80
  226     600.81    2083.30  142111.51
  227     592.13    2091.98  140019.53
  228     583.41    2100.70  137918.83
  229     574.66    2109.45  135809.38
  230     565.87    2118.24  133691.15
  231     557.05    2127.06  131564.08
  232     548.18    2135.93  129428.16
  233     539.28    2144.83  127283.33
  234     530.35    2153.76  125129.57
  235     521.37    2162.74  122966.83
  236     512.36    2171.75  120795.08
  237     503.31    2180.80  118614.29
  238     494.23    2189.88  116424.40
  239     485.10    2199.01  114225.39
  240     475.94    2208.17  112017.22
  241     466.74    2217.37  109799.85
  242     457.50    2226.61  107573.24
  243     448.22    2235.89  105337.35
  244     438.91    2245.20  103092.15
  245     429.55    2254.56  100837.59
  246     420.16    2263.95   98573.64
  247     410.72    2273.39   96300.25
  248     401.25    2282.86   94017.39
  249     391.74    2292.37   91725.02
  250     382.19    2301.92   89423.10
  251     372.60    2311.51   87111.58
  252     362.96    2321.15   84790.44
  253     353.29    2330.82   82459.62
  254     343.58    2340.53   80119.09
  255     333.83    2350.28   77768.81
  256     324.04    2360.07   75408.74
  257     314.20    2369.91   73038.83
  258     304.33    2379.78   70659.05
  259     294.41    2389.70   68269.35
  260     284.46    2399.65   65869.70
  261     274.46    2409.65   63460.05
  262     264.42    2419.69   61040.35
  263     254.33    2429.78   58610.58
  264     244.21    2439.90   56170.68
  265     234.04    2450.07   53720.61
  266     223.84    2460.27   51260.34
  267     213.58    2470.53   48789.81
  268     203.29    2480.82   46308.99
  269     192.95    2491.16   43817.84
  270     182.57    2501.54   41316.30
  271     172.15    2511.96   38804.34
  272     161.68    2522.43   36281.92
  273     151.17    2532.94   33748.98
  274     140.62    2543.49   31205.49
  275     130.02    2554.09   28651.41
  276     119.38    2564.73   26086.68
  277     108.69    2575.42   23511.26
  278      97.96    2586.15   20925.12
  279      87.19    2596.92   18328.19
  280      76.37    2607.74   15720.45
  281      65.50    2618.61   13101.84
  282      54.59    2629.52   10472.32
  283      43.63    2640.48    7831.85
  284      32.63    2651.48    5180.37
  285      21.58    2662.53    2517.85
  286      10.49    2673.62    -155.77
